450 -450
450 -350
450 -250
450 -150
450 -50
450 50
450 150
450 250
450 350
450 450
350 450
350 350
350 250
350 150
350 50
350 -50
350 -150
350 -250
350 -350
250 -350
250 -250
250 -150
250 -50
250 50
250 150
250 250
250 350
250 450
150 450
150 350
150 250
150 150
150 50
50 50
50 150
50 250
50 350
50 450
-50 450
-50 350
-50 250
-50 150
-50 50
-150 50
-150 150
-150 250
-150 350
-150 450
-250 450
-250 350
-250 250
-250 150
-250 50
-350 50
-350 -50
-350 -150
-350 -250
-350 -350
-250 -350
-150 -350
-50 -350
50 -350
150 -350
150 -250
150 -150
50 -150
50 -250
-50 -250
-50 -150
-150 -150
-150 -250
-250 -250
-250 -150
-250 -250
-250 -350
-350 -350
-350 -350
-450 -350
-450 -250
-450 -150
-450 -50
-450 50
-450 150
-350 150
-350 250
-350 350
-350 450
-450 450
-450 350
-450 250
