[50.0, 50.0] 
[50.0, 150.0] 
[50.0, 250.0] 
[50.0, 350.0] 
[50.0, 450.0] 
[-50.0, 450.0] 
[-50.0, 350.0] 
[-50.0, 250.0] 
[-50.0, 150.0] 
[-50.0, 50.0] 
[-150.0, 50.0] 
[-150.0, 150.0] 
[-150.0, 250.0] 
[-150.0, 350.0] 
[-150.0, 450.0] 
[-250.0, 450.0] 
[-250.0, 350.0] 
[-250.0, 250.0] 
[-250.0, 150.0] 
[-250.0, 50.0] 
[-350.0, 50.0] 
[-350.0, -50.0] 
[-350.0, -150.0] 
[-350.0, -250.0] 
[-350.0, -350.0] 
[-250.0, -350.0] 
[-150.0, -350.0] 
[-50.0, -350.0] 
[50.0, -350.0] 
[150.0, -350.0] 
[150.0, -250.0] 
[150.0, -150.0] 
[50.0, -150.0] 
[50.0, -250.0] 
[-50.0, -250.0] 
[-50.0, -150.0] 
[-150.0, -150.0] 
[-150.0, -250.0] 
[-250.0, -250.0] 
[-250.0, -150.0] 
[-250.0, -250.0] 
[-250.0, -350.0] 
[-350.0, -350.0] 
[-350.0, -350.0] 
[-450.0, -350.0] 
[-450.0, -250.0] 
[-450.0, -150.0] 
[-450.0, -50.0] 
[-450.0, 50.0] 
[-450.0, 150.0] 
[-350.0, 150.0] 
[-350.0, 250.0] 
[-350.0, 350.0] 
[-350.0, 450.0] 
[-450.0, 450.0] 
[-450.0, 350.0] 
[-450.0, 250.0] 
[450.0, -450.0] 
[450.0, -350.0] 
[450.0, -250.0] 
[450.0, -150.0] 
[450.0, -50.0] 
[450.0, 50.0] 
[450.0, 150.0] 
[450.0, 250.0] 
[450.0, 350.0] 
[450.0, 450.0] 
[350.0, 450.0] 
[350.0, 350.0] 
[350.0, 250.0] 
[350.0, 150.0] 
[350.0, 50.0] 
[350.0, -50.0] 
[350.0, -150.0] 
[350.0, -250.0] 
[350.0, -350.0] 
[250.0, -350.0] 
[250.0, -250.0] 
[250.0, -150.0] 
[250.0, -50.0] 
[250.0, 50.0] 
[250.0, 150.0] 
[250.0, 250.0] 
[250.0, 350.0] 
[250.0, 450.0] 
[150.0, 450.0] 
[150.0, 350.0] 
[150.0, 250.0] 
[150.0, 150.0] 
[150.0, 50.0] 