[-5001.78738543, 9526.70517723]
[-4252.73849659, 9245.76788507]
[-4072.05347041, 8466.43937839]
[-4231.16496044, 7682.42181881]
[-4315.11562372, 6886.83883373]
[-3720.72549772, 6351.39473944]
[-3499.60425214, 5582.56095068]
[-2783.0, 4819.0]
[-2783.0, 4819.0]
[-2783.0, 4219.0]
[-2783.0, 3619.0]
[-2783.0, 3019.0]
[-2783.0, 2419.0]
[-2783.0, 1819.0]
[-2783.0, 1219.0]
[-2783.0, 619.0]
[-2783.0, 19.0]
[-2783.0, -580.0]
[-2783.0, -1180.0]
[-2783.0, -1780.0]
[-2783.0, -2380.0]
[-2783.0, -2980.0]
[-2783.0, -3580.0]
[-2783.0, -4180.0]
[-2783.0, -4780.0]
[-2783.0, -5380.0]
[-2183.0, -5380.0]
[-2183.0, -4780.0]
[-2183.0, -4180.0]
[-2183.0, -3580.0]
[-2183.0, -2980.0]
[-2183.0, -2380.0]
[-2183.0, -1780.0]
[-2183.0, -1180.0]
[-2183.0, -580.0]
[-2183.0, 19.0]
[-2183.0, 619.0]
[-2183.0, 1219.0]
[-2183.0, 1819.0]
[-2183.0, 2419.0]
[-2183.0, 3019.0]
[-2183.0, 3619.0]
[-2183.0, 4219.0]
[-2183.0, 4819.0]
[-1583.0, 4819.0]
[-1583.0, 4219.0]
[-1583.0, 3619.0]
[-1583.0, 3019.0]
[-1583.0, 2419.0]
[-1583.0, 1819.0]
[-1583.0, 1219.0]
[-1583.0, 619.0]
[-1583.0, 19.0]
[-1583.0, -580.0]
[-1583.0, -1180.0]
[-1583.0, -1780.0]
[-1583.0, -2380.0]
[-1583.0, -2980.0]
[-1583.0, -3580.0]
[-1583.0, -4180.0]
[-1583.0, -4780.0]
[-1583.0, -5380.0]
[-983.0, -5380.0]
[-983.0, -4780.0]
[-983.0, -4180.0]
[-983.0, -3580.0]
[-983.0, -2980.0]
[-983.0, -2380.0]
[-983.0, -1780.0]
[-983.0, -1180.0]
[-983.0, -580.0]
[-983.0, 19.0]
[-983.0, 619.0]
[-983.0, 1219.0]
[-983.0, 1819.0]
[-983.0, 2419.0]
[-983.0, 3019.0]
[-983.0, 3619.0]
[-983.0, 4219.0]
[-983.0, 4819.0]
[-383.0, 4819.0]
[-383.0, 4219.0]
[-383.0, 3619.0]
[-383.0, 3019.0]
[-383.0, 2419.0]
[-383.0, 1819.0]
[-383.0, 1219.0]
[-383.0, 619.0]
[-383.0, 19.0]
[-383.0, -580.0]
[-383.0, -1180.0]
[-383.0, -1780.0]
[-383.0, -2380.0]
[-383.0, -2980.0]
[-383.0, -3580.0]
[-383.0, -4180.0]
[-383.0, -4780.0]
[-383.0, -5380.0]
[216.0, -5380.0]
[216.0, -4780.0]
[216.0, -4180.0]
[216.0, -3580.0]
[216.0, -2980.0]
[216.0, -2380.0]
[216.0, -1780.0]
[216.0, -1180.0]
[216.0, -580.0]
[216.0, 19.0]
[216.0, 619.0]
[216.0, 1219.0]
[216.0, 1819.0]
[216.0, 2419.0]
[216.0, 3019.0]
[216.0, 3619.0]
[216.0, 4219.0]
[216.0, 4819.0]
[816.0, 4819.0]
[816.0, 4219.0]
[816.0, 3619.0]
[816.0, 3019.0]
[816.0, 2419.0]
[816.0, 1819.0]
[816.0, 1219.0]
[816.0, 619.0]
[816.0, 19.0]
[816.0, -580.0]
[816.0, -1180.0]
[816.0, -1780.0]
[816.0, -2380.0]
[816.0, -2980.0]
[816.0, -3580.0]
[816.0, -4180.0]
[816.0, -4780.0]
[816.0, -5380.0]
[1416.0, -5380.0]
[1416.0, -4780.0]
[1416.0, -4180.0]
[1416.0, -3580.0]
[1416.0, -2980.0]
[1416.0, -2380.0]
[1416.0, -1780.0]
[1416.0, -1180.0]
[1416.0, -580.0]
[1416.0, 19.0]
[1416.0, 619.0]
[1416.0, 1219.0]
[1416.0, 1819.0]
[1416.0, 2419.0]
[1416.0, 3019.0]
[1416.0, 3619.0]
[1416.0, 4219.0]
[1416.0, 4819.0]
[2016.0, 4819.0]
[2016.0, 4219.0]
[2016.0, 3619.0]
[2016.0, 3019.0]
[2016.0, 2419.0]
[2016.0, 1819.0]
[2016.0, 1219.0]
[2016.0, 619.0]
[2016.0, 19.0]
[2016.0, -580.0]
[2016.0, -1180.0]
[2016.0, -1780.0]
[2016.0, -2380.0]
[2016.0, -2980.0]
[2016.0, -3580.0]
[2016.0, -4180.0]
[2016.0, -4780.0]
[2016.0, -5380.0]
[2616.0, -5380.0]
[2616.0, -4780.0]
[2616.0, -4180.0]
[2616.0, -3580.0]
[2616.0, -2980.0]
[2616.0, -2380.0]
[2616.0, -1780.0]
[2616.0, -1180.0]
[2616.0, -580.0]
[2616.0, 19.0]
[2616.0, 619.0]
[2616.0, 1219.0]
[2616.0, 1819.0]
[2616.0, 2419.0]
[2616.0, 3019.0]
[2616.0, 3619.0]
[2616.0, 4219.0]
[2616.0, 4819.0]
[3216.0, 4819.0]
[3216.0, 4219.0]
[3216.0, 3619.0]
[3216.0, 3019.0]
[3216.0, 2419.0]
[3216.0, 1819.0]
[3216.0, 1219.0]
[3216.0, 619.0]
[3216.0, 19.0]
[3216.0, -580.0]
[3216.0, -1180.0]
[3216.0, -1780.0]
[3216.0, -2380.0]
[3216.0, -2980.0]
[3216.0, -3580.0]
[3216.0, -4180.0]
[3216.0, -4780.0]
[3216.0, -5380.0]
[3216.0, -5980.0]
[2616.0, -5980.0]
[2016.0, -5980.0]
[1416.0, -5980.0]
[816.0, -5980.0]
[216.0, -5980.0]
[-383.0, -5980.0]
[-983.0, -5980.0]
[-1583.0, -5980.0]
[-2183.0, -5980.0]
[-2783.0, -5980.0]
[-2783.0, -5980.0]
[-3235.70609928, -5320.41134964]
[-3591.84896075, -4604.05790181]
[-3281.15881083, -3866.85261782]
[-3092.56767256, -3089.39947932]
[-3473.36375755, -2385.84113657]
[-3388.53940769, -1590.35082885]
[-3679.90274654, -845.295525687]
[-3994.98833051, -109.958137291]
[-4770.13227661, 87.9101593707]
[-5469.5723749, 476.218733704]
[-6836.27606427, 392.480297148]
[-6836.27606427, 392.480297148]
[-6558.41017302, 1142.6739698]
[-6270.15083073, 1888.93568768]
[-6024.41407184, 2650.2591704]
[-5540.19155609, 3287.07041028]
[-4758.66371022, 3457.99210615]
[-4918.02350273, 4241.95923335]
[-4986.5807217, 5039.01626251]
[-4189.41898658, 4971.6874569]
[-3570.00118024, 5477.9695731]
[-3075.63294407, 6106.93701825]
[-2807.14205132, 6860.53680628]
[-2304.11420046, 7482.60029279]
[-1991.88405741, 8219.15466131]
[-1666.77401604, 8950.11530388]
[-1982.52476816, 10138.2014035]
