-2783 -5980
-2183 -5980
-1583 -5980
-983 -5980
-383 -5980
216 -5980
816 -5980
1416 -5980
2016 -5980
2616 -5980
3216 -5980
3216 -5380
3216 -4780
3216 -4180
3216 -3580
3216 -2980
3216 -2380
3216 -1780
3216 -1180
3216 -580
3216 19
3216 619
3216 1219
3216 1819
3216 2419
3216 3019
3216 3619
3216 4219
3216 4819
2616 4819
2616 4219
2616 3619
2616 3019
2616 2419
2616 1819
2616 1219
2616 619
2616 19
2616 -580
2616 -1180
2616 -1780
2616 -2380
2616 -2980
2616 -3580
2616 -4180
2616 -4780
2616 -5380
2016 -5380
2016 -4780
2016 -4180
2016 -3580
2016 -2980
2016 -2380
2016 -1780
2016 -1180
2016 -580
2016 19
2016 619
2016 1219
2016 1819
2016 2419
2016 3019
2016 3619
2016 4219
2016 4819
1416 4819
1416 4219
1416 3619
1416 3019
1416 2419
1416 1819
1416 1219
1416 619
1416 19
1416 -580
1416 -1180
1416 -1780
1416 -2380
1416 -2980
1416 -3580
1416 -4180
1416 -4780
1416 -5380
816 -5380
816 -4780
816 -4180
816 -3580
816 -2980
816 -2380
816 -1780
816 -1180
816 -580
816 19
816 619
816 1219
816 1819
816 2419
816 3019
816 3619
816 4219
816 4819
216 4819
216 4219
216 3619
216 3019
216 2419
216 1819
216 1219
216 619
216 19
216 -580
216 -1180
216 -1780
216 -2380
216 -2980
216 -3580
216 -4180
216 -4780
216 -5380
-383 -5380
-383 -4780
-383 -4180
-383 -3580
-383 -2980
-383 -2380
-383 -1780
-383 -1180
-383 -580
-383 19
-383 619
-383 1219
-383 1819
-383 2419
-383 3019
-383 3619
-383 4219
-383 4819
-983 4819
-983 4219
-983 3619
-983 3019
-983 2419
-983 1819
-983 1219
-983 619
-983 19
-983 -580
-983 -1180
-983 -1780
-983 -2380
-983 -2980
-983 -3580
-983 -4180
-983 -4780
-983 -5380
-1583 -5380
-1583 -4780
-1583 -4180
-1583 -3580
-1583 -2980
-1583 -2380
-1583 -1780
-1583 -1180
-1583 -580
-1583 19
-1583 619
-1583 1219
-1583 1819
-1583 2419
-1583 3019
-1583 3619
-1583 4219
-1583 4819
-2183 4819
-2183 4219
-2183 3619
-2183 3019
-2183 2419
-2183 1819
-2183 1219
-2183 619
-2183 19
-2183 -580
-2183 -1180
-2183 -1780
-2183 -2380
-2183 -2980
-2183 -3580
-2183 -4180
-2183 -4780
-2183 -5380
-2783 -5380
-2783 -4780
-2783 -4180
-2783 -3580
-2783 -2980
-2783 -2380
-2783 -1780
-2783 -1180
-2783 -580
-2783 19
-2783 619
-2783 1219
-2783 1819
-2783 2419
-2783 3019
-2783 3619
-2783 4219
-2783 4819
