-2833.0 4969.0
-2446.43394117 5071.79436832
-2064.49568152 5190.63529485
-1910.83398557 4821.32772222
-1518.18892726 4897.68123021
-1156.49161954 5068.48830731
-782.465678825 5210.27898286
-412.054163597 5361.2601386
-14.7526737771 5314.87559174
384.753555238 5295.00669701
665.256724885 5580.16975882
1065.1190292 5569.67511325
1464.70138916 5587.94907307
1789.45950495 5354.42784014
2187.17431668 5397.12360734
2367.00783491 5039.82834329
2715.06064177 5236.95582397
3081.81687985 5396.61127118
3391.4954608 5649.78942289
3726.80175299 5867.89419226
4829.92537775 6278.13147511