-3878.0 5566.0
-3483.75421708 5633.60371771
-3218.25303995 5334.4229614
-2824.69651918 5262.91586413
-2588.32715316 5585.60692816
-2376.25704452 5924.76215666
-1979.26388637 5875.8087872
-1582.97703201 5930.1846004
-1192.40323234 6016.51018767
-828.603828122 5850.22731577
-464.900865552 6016.72102442
-82.8977547941 6135.35332765
307.497899019 6222.4810126
690.601920845 6337.50843742
1090.6018857 6337.67611841
1487.6953148 6289.54288076
1886.87606766 6263.95525596
2286.4928451 6281.46043202
2532.12214444 6597.16004764
2917.4701226 6489.88966158
3317.11608543 6473.06395506
3684.5009345 6631.26753489
4829.92537775 6278.13147511