[8661.33142055, 7367.35912817]
[8408.44781487, 7057.43997423]
[8145.86063528, 6755.69840746]
[7747.19649726, 6723.03489479]
[7409.63218098, 6508.44148302]
[7021.50159758, 6605.1609238]
[6879.50543286, 6231.2129472]
[6496.36366609, 6116.3113086]
[6220.46975761, 5826.68646287]
[5877.74957468, 5620.4272177]
[5590.2917642, 5342.27616667]
[5237.46413274, 5153.82813011]
[4121.0, 5566.0]
[4121.0, 5566.0]
[3621.0, 5566.0]
[3621.0, 5066.0]
[3621.0, 4566.0]
[3621.0, 4066.0]
[3621.0, 3566.0]
[3621.0, 3066.0]
[3621.0, 2566.0]
[3621.0, 2066.0]
[3621.0, 1566.0]
[3621.0, 1066.0]
[3621.0, 566.0]
[3621.0, 66.0]
[3621.0, -433.0]
[3621.0, -933.0]
[3621.0, -1433.0]
[3621.0, -1933.0]
[3621.0, -2433.0]
[3621.0, -2933.0]
[3621.0, -3433.0]
[3621.0, -3933.0]
[3621.0, -4433.0]
[3621.0, -4933.0]
[3621.0, -5433.0]
[3621.0, -5933.0]
[3621.0, -6433.0]
[3621.0, -6933.0]
[3621.0, -7433.0]
[3621.0, -7933.0]
[3621.0, -8433.0]
[3621.0, -8933.0]
[3621.0, -9433.0]
[3621.0, -9933.0]
[3621.0, -10433.0]
[3621.0, -10933.0]
[3621.0, -11433.0]
[3621.0, -11933.0]
[3621.0, -12433.0]
[3621.0, -12933.0]
[3621.0, -13433.0]
[3121.0, -13433.0]
[3121.0, -12933.0]
[3121.0, -12433.0]
[3121.0, -11933.0]
[3121.0, -11433.0]
[3121.0, -10933.0]
[3121.0, -10433.0]
[3121.0, -9933.0]
[3121.0, -9433.0]
[3121.0, -8933.0]
[3121.0, -8433.0]
[3121.0, -7933.0]
[3121.0, -7433.0]
[3121.0, -6933.0]
[3121.0, -6433.0]
[3121.0, -5933.0]
[3121.0, -5433.0]
[3121.0, -4933.0]
[3121.0, -4433.0]
[3121.0, -3933.0]
[3121.0, -3433.0]
[3121.0, -2933.0]
[3121.0, -2433.0]
[3121.0, -1933.0]
[3121.0, -1433.0]
[3121.0, -933.0]
[3121.0, -433.0]
[3121.0, 66.0]
[3121.0, 566.0]
[3121.0, 1066.0]
[3121.0, 1566.0]
[3121.0, 2066.0]
[3121.0, 2566.0]
[3121.0, 3066.0]
[3121.0, 3566.0]
[3121.0, 4066.0]
[3121.0, 4566.0]
[3121.0, 5066.0]
[3121.0, 5566.0]
[2621.0, 5566.0]
[2621.0, 5066.0]
[2621.0, 4566.0]
[2621.0, 4066.0]
[2621.0, 3566.0]
[2621.0, 3066.0]
[2621.0, 2566.0]
[2621.0, 2066.0]
[2621.0, 1566.0]
[2621.0, 1066.0]
[2621.0, 566.0]
[2621.0, 66.0]
[2621.0, -433.0]
[2621.0, -933.0]
[2621.0, -1433.0]
[2621.0, -1933.0]
[2621.0, -2433.0]
[2621.0, -2933.0]
[2621.0, -3433.0]
[2621.0, -3933.0]
[2621.0, -4433.0]
[2621.0, -4933.0]
[2621.0, -5433.0]
[2621.0, -5933.0]
[2621.0, -6433.0]
[2621.0, -6933.0]
[2621.0, -7433.0]
[2621.0, -7933.0]
[2621.0, -8433.0]
[2621.0, -8933.0]
[2621.0, -9433.0]
[2621.0, -9933.0]
[2621.0, -10433.0]
[2621.0, -10933.0]
[2621.0, -11433.0]
[2621.0, -11933.0]
[2621.0, -12433.0]
[2621.0, -12933.0]
[2621.0, -13433.0]
[2121.0, -13433.0]
[2121.0, -12933.0]
[2121.0, -12433.0]
[2121.0, -11933.0]
[2121.0, -11433.0]
[2121.0, -10933.0]
[2121.0, -10433.0]
[2121.0, -9933.0]
[2121.0, -9433.0]
[2121.0, -8933.0]
[2121.0, -8433.0]
[2121.0, -7933.0]
[2121.0, -7433.0]
[2121.0, -6933.0]
[2121.0, -6433.0]
[2121.0, -5933.0]
[2121.0, -5433.0]
[2121.0, -4933.0]
[2121.0, -4433.0]
[2121.0, -3933.0]
[2121.0, -3433.0]
[2121.0, -2933.0]
[2121.0, -2433.0]
[2121.0, -1933.0]
[2121.0, -1433.0]
[2121.0, -933.0]
[2121.0, -433.0]
[2121.0, 66.0]
[2121.0, 566.0]
[2121.0, 1066.0]
[2121.0, 1566.0]
[2121.0, 2066.0]
[2121.0, 2566.0]
[2121.0, 3066.0]
[2121.0, 3566.0]
[2121.0, 4066.0]
[2121.0, 4566.0]
[2121.0, 5066.0]
[2121.0, 5566.0]
[1621.0, 5566.0]
[1621.0, 5066.0]
[1621.0, 4566.0]
[1621.0, 4066.0]
[1621.0, 3566.0]
[1621.0, 3066.0]
[1621.0, 2566.0]
[1621.0, 2066.0]
[1621.0, 1566.0]
[1621.0, 1066.0]
[1621.0, 566.0]
[1621.0, 66.0]
[1621.0, -433.0]
[1621.0, -933.0]
[1621.0, -1433.0]
[1621.0, -1933.0]
[1621.0, -2433.0]
[1621.0, -2933.0]
[1621.0, -3433.0]
[1621.0, -3933.0]
[1621.0, -4433.0]
[1621.0, -4933.0]
[1621.0, -5433.0]
[1621.0, -5933.0]
[1621.0, -6433.0]
[1621.0, -6933.0]
[1621.0, -7433.0]
[1621.0, -7933.0]
[1621.0, -8433.0]
[1621.0, -8933.0]
[1621.0, -9433.0]
[1621.0, -9933.0]
[1621.0, -10433.0]
[1621.0, -10933.0]
[1621.0, -11433.0]
[1621.0, -11933.0]
[1621.0, -12433.0]
[1621.0, -12933.0]
[1621.0, -13433.0]
[1121.0, -13433.0]
[1121.0, -12933.0]
[1121.0, -12433.0]
[1121.0, -11933.0]
[1121.0, -11433.0]
[1121.0, -10933.0]
[1121.0, -10433.0]
[1121.0, -9933.0]
[1121.0, -9433.0]
[1121.0, -8933.0]
[1121.0, -8433.0]
[1121.0, -7933.0]
[1121.0, -7433.0]
[1121.0, -6933.0]
[1121.0, -6433.0]
[1121.0, -5933.0]
[1121.0, -5433.0]
[1121.0, -4933.0]
[1121.0, -4433.0]
[1121.0, -3933.0]
[1121.0, -3433.0]
[1121.0, -2933.0]
[1121.0, -2433.0]
[1121.0, -1933.0]
[1121.0, -1433.0]
[1121.0, -933.0]
[1121.0, -433.0]
[1121.0, 66.0]
[1121.0, 566.0]
[1121.0, 1066.0]
[1121.0, 1566.0]
[1121.0, 2066.0]
[1121.0, 2566.0]
[1121.0, 3066.0]
[1121.0, 3566.0]
[1121.0, 4066.0]
[1121.0, 4566.0]
[1121.0, 5066.0]
[1121.0, 5566.0]
[621.0, 5566.0]
[621.0, 5066.0]
[621.0, 4566.0]
[621.0, 4066.0]
[621.0, 3566.0]
[621.0, 3066.0]
[621.0, 2566.0]
[621.0, 2066.0]
[621.0, 1566.0]
[621.0, 1066.0]
[621.0, 566.0]
[621.0, 66.0]
[621.0, -433.0]
[621.0, -933.0]
[621.0, -1433.0]
[621.0, -1933.0]
[621.0, -2433.0]
[621.0, -2933.0]
[621.0, -2433.0]
[621.0, -2433.0]
[121.0, -2433.0]
[121.0, -1933.0]
[121.0, -1433.0]
[121.0, -933.0]
[121.0, -433.0]
[121.0, 66.0]
[121.0, 566.0]
[121.0, 1066.0]
[121.0, 1566.0]
[121.0, 2066.0]
[121.0, 2566.0]
[121.0, 3066.0]
[121.0, 3566.0]
[121.0, 4066.0]
[121.0, 4566.0]
[121.0, 5066.0]
[121.0, 5566.0]
[-378.0, 5566.0]
[-378.0, 5066.0]
[-378.0, 4566.0]
[-378.0, 4066.0]
[-378.0, 3566.0]
[-378.0, 3066.0]
[-378.0, 2566.0]
[-378.0, 2066.0]
[-378.0, 1566.0]
[-378.0, 1066.0]
[-378.0, 566.0]
[-378.0, 66.0]
[-378.0, -433.0]
[-378.0, -933.0]
[-378.0, -1433.0]
[-378.0, -1933.0]
[-378.0, -1433.0]
[-378.0, -1433.0]
[-878.0, -1433.0]
[-878.0, -933.0]
[-878.0, -433.0]
[-878.0, 66.0]
[-878.0, 566.0]
[-878.0, 1066.0]
[-878.0, 1566.0]
[-878.0, 2066.0]
[-878.0, 2566.0]
[-878.0, 3066.0]
[-878.0, 3566.0]
[-878.0, 4066.0]
[-878.0, 4566.0]
[-878.0, 5066.0]
[-878.0, 5566.0]
[-1378.0, 5566.0]
[-1378.0, 5066.0]
[-1378.0, 4566.0]
[-1378.0, 4066.0]
[-1378.0, 3566.0]
[-1378.0, 3066.0]
[-1378.0, 2566.0]
[-1378.0, 2066.0]
[-1378.0, 1566.0]
[-1378.0, 1066.0]
[-1378.0, 566.0]
[-1378.0, 66.0]
[-1378.0, -433.0]
[-1378.0, -933.0]
[-1378.0, -1433.0]
[-1378.0, -1933.0]
[-1378.0, -2433.0]
[-1878.0, -2433.0]
[-1878.0, -2933.0]
[-2378.0, -2933.0]
[-2378.0, -3433.0]
[-2878.0, -3433.0]
[-2878.0, -3933.0]
[-2878.0, -4433.0]
[-3378.0, -4433.0]
[-3378.0, -4933.0]
[-3878.0, -4933.0]
[-3878.0, -5433.0]
[-3878.0, -5933.0]
[-3878.0, -6433.0]
[-3878.0, -6933.0]
[-3878.0, -7433.0]
[-3878.0, -7933.0]
[-3878.0, -8433.0]
[-3878.0, -8933.0]
[-3878.0, -9433.0]
[-3878.0, -9933.0]
[-3878.0, -10433.0]
[-3878.0, -10933.0]
[-3878.0, -11433.0]
[-3878.0, -11933.0]
[-3878.0, -12433.0]
[-3878.0, -12933.0]
[-3878.0, -13433.0]
[-3378.0, -13433.0]
[-2878.0, -13433.0]
[-2378.0, -13433.0]
[-1878.0, -13433.0]
[-1378.0, -13433.0]
[-878.0, -13433.0]
[-378.0, -13433.0]
[121.0, -13433.0]
[621.0, -13433.0]
[621.0, -12933.0]
[621.0, -12433.0]
[621.0, -11933.0]
[621.0, -11433.0]
[621.0, -10933.0]
[621.0, -10433.0]
[621.0, -9933.0]
[621.0, -9433.0]
[621.0, -8933.0]
[621.0, -8433.0]
[621.0, -7933.0]
[621.0, -7433.0]
[621.0, -6933.0]
[621.0, -6433.0]
[621.0, -5933.0]
[621.0, -5433.0]
[621.0, -4933.0]
[621.0, -4433.0]
[621.0, -3933.0]
[621.0, -4433.0]
[621.0, -4433.0]
[121.0, -4433.0]
[121.0, -4933.0]
[121.0, -5433.0]
[121.0, -5933.0]
[121.0, -6433.0]
[121.0, -6933.0]
[121.0, -7433.0]
[121.0, -7933.0]
[121.0, -8433.0]
[121.0, -8933.0]
[121.0, -9433.0]
[121.0, -9933.0]
[121.0, -10433.0]
[121.0, -10933.0]
[121.0, -11433.0]
[121.0, -11933.0]
[121.0, -12433.0]
[121.0, -12933.0]
[-378.0, -12933.0]
[-378.0, -12433.0]
[-378.0, -11933.0]
[-378.0, -11433.0]
[-378.0, -10933.0]
[-378.0, -10433.0]
[-378.0, -9933.0]
[-378.0, -9433.0]
[-378.0, -8933.0]
[-378.0, -8433.0]
[-378.0, -7933.0]
[-378.0, -7433.0]
[-378.0, -6933.0]
[-378.0, -6433.0]
[-378.0, -5933.0]
[-378.0, -5433.0]
[-378.0, -5933.0]
[-378.0, -5933.0]
[-878.0, -5933.0]
[-878.0, -6433.0]
[-878.0, -6933.0]
[-878.0, -7433.0]
[-878.0, -7933.0]
[-878.0, -8433.0]
[-878.0, -8933.0]
[-878.0, -9433.0]
[-878.0, -9933.0]
[-878.0, -10433.0]
[-878.0, -10933.0]
[-878.0, -11433.0]
[-878.0, -11933.0]
[-878.0, -12433.0]
[-878.0, -12933.0]
[-1378.0, -12933.0]
[-1378.0, -12433.0]
[-1378.0, -11933.0]
[-1378.0, -11433.0]
[-1378.0, -10933.0]
[-1378.0, -10433.0]
[-1378.0, -9933.0]
[-1378.0, -9433.0]
[-1378.0, -8933.0]
[-1378.0, -8433.0]
[-1378.0, -7933.0]
[-1378.0, -7433.0]
[-1378.0, -6933.0]
[-1378.0, -6433.0]
[-1378.0, -6933.0]
[-1378.0, -6933.0]
[-1878.0, -6933.0]
[-1878.0, -7433.0]
[-1878.0, -7933.0]
[-1878.0, -8433.0]
[-1878.0, -8933.0]
[-1878.0, -9433.0]
[-1878.0, -9933.0]
[-1878.0, -10433.0]
[-1878.0, -10933.0]
[-1878.0, -11433.0]
[-1878.0, -11933.0]
[-1878.0, -12433.0]
[-1878.0, -12933.0]
[-2378.0, -12933.0]
[-2378.0, -12433.0]
[-2378.0, -11933.0]
[-2378.0, -11433.0]
[-2378.0, -10933.0]
[-2378.0, -10433.0]
[-2378.0, -9933.0]
[-2378.0, -9433.0]
[-2378.0, -8933.0]
[-2378.0, -8433.0]
[-2378.0, -7933.0]
[-2378.0, -7433.0]
[-2878.0, -7433.0]
[-2878.0, -7933.0]
[-2878.0, -8433.0]
[-2878.0, -8933.0]
[-2878.0, -9433.0]
[-2878.0, -9933.0]
[-2878.0, -10433.0]
[-2878.0, -10933.0]
[-2878.0, -11433.0]
[-2878.0, -11933.0]
[-2878.0, -12433.0]
[-2878.0, -12933.0]
[-3378.0, -12933.0]
[-3378.0, -12433.0]
[-3378.0, -11933.0]
[-3378.0, -11433.0]
[-3378.0, -10933.0]
[-3378.0, -10433.0]
[-3378.0, -9933.0]
[-3378.0, -9433.0]
[-3378.0, -8933.0]
[-3378.0, -8433.0]
[-3378.0, -7933.0]
[-3378.0, -7433.0]
[-3378.0, -6933.0]
[-3878.0, -6933.0]
[-3878.0, -6433.0]
[-3878.0, -5933.0]
[-3878.0, -5433.0]
[-3878.0, -4933.0]
[-3878.0, -4933.0]
[-3878.0, -4433.0]
[-3878.0, -3933.0]
[-3378.0, -3933.0]
[-3378.0, -3433.0]
[-3378.0, -2933.0]
[-2878.0, -2933.0]
[-2878.0, -2433.0]
[-2378.0, -2433.0]
[-2378.0, -1933.0]
[-1878.0, -1933.0]
[-1878.0, -1433.0]
[-1878.0, -933.0]
[-1878.0, -433.0]
[-1878.0, 66.0]
[-1878.0, 566.0]
[-1878.0, 1066.0]
[-1878.0, 1566.0]
[-1878.0, 2066.0]
[-1878.0, 2566.0]
[-1878.0, 3066.0]
[-1878.0, 3566.0]
[-1878.0, 4066.0]
[-1878.0, 4566.0]
[-1878.0, 5066.0]
[-1878.0, 5566.0]
[-2378.0, 5566.0]
[-2378.0, 5066.0]
[-2378.0, 4566.0]
[-2378.0, 4066.0]
[-2378.0, 3566.0]
[-2378.0, 3066.0]
[-2378.0, 2566.0]
[-2378.0, 2066.0]
[-2378.0, 1566.0]
[-2378.0, 1066.0]
[-2378.0, 566.0]
[-2378.0, 66.0]
[-2378.0, -433.0]
[-2378.0, -933.0]
[-2378.0, -1433.0]
[-2878.0, -1433.0]
[-2878.0, -1933.0]
[-3378.0, -1933.0]
[-3378.0, -2433.0]
[-3878.0, -2433.0]
[-3878.0, -2933.0]
[-3878.0, -3433.0]
[-3878.0, -2933.0]
[-3878.0, -2433.0]
[-3878.0, -2433.0]
[-3878.0, -1933.0]
[-3878.0, -1433.0]
[-3378.0, -1433.0]
[-3378.0, -933.0]
[-2878.0, -933.0]
[-2878.0, -433.0]
[-2878.0, 66.0]
[-2878.0, 566.0]
[-2878.0, 1066.0]
[-2878.0, 1566.0]
[-2878.0, 2066.0]
[-2878.0, 2566.0]
[-2878.0, 3066.0]
[-2878.0, 3566.0]
[-2878.0, 4066.0]
[-2878.0, 4566.0]
[-2878.0, 5066.0]
[-2878.0, 5566.0]
[-3378.0, 5566.0]
[-3378.0, 5066.0]
[-3378.0, 4566.0]
[-3378.0, 4066.0]
[-3378.0, 3566.0]
[-3378.0, 3066.0]
[-3378.0, 2566.0]
[-3378.0, 2066.0]
[-3378.0, 1566.0]
[-3378.0, 1066.0]
[-3378.0, 566.0]
[-3378.0, 66.0]
[-3378.0, -433.0]
[-3878.0, -433.0]
[-3878.0, -933.0]
[-3878.0, -433.0]
[-3878.0, -433.0]
[-3878.0, 66.0]
[-3878.0, 566.0]
[-3878.0, 1066.0]
[-3878.0, 1566.0]
[-3878.0, 2066.0]
[-3878.0, 2566.0]
[-3878.0, 3066.0]
[-3878.0, 3566.0]
[-3878.0, 4066.0]
[-3878.0, 4566.0]
[-3878.0, 5066.0]
[-3878.0, 5566.0]
[-3878.0, 5566.0]
[-3478.94330062, 5593.4545202]
[-3085.24818299, 5664.19456796]
[-2687.33389729, 5704.98943572]
[-2388.82697718, 5438.73087973]
[-2181.94989807, 5096.38328715]
[-1866.45971886, 5342.28153201]
[-1470.68655365, 5400.27809829]
[-1294.49483391, 5759.38320531]
[-894.558269648, 5766.50672723]
[-496.891638809, 5809.64894226]
[-98.0196519693, 5839.66790484]
[301.912686603, 5847.02484468]
[644.260445208, 6053.90164903]
[769.459298236, 6433.80327735]
[1101.86402038, 6656.30518901]
[1496.21482758, 6723.29355269]
[1822.8652752, 6492.4267403]
[2213.65261362, 6407.07302841]
[2524.2202027, 6659.15986388]
[2911.58119903, 6559.40286651]
[3311.42350981, 6570.63347235]
[3654.49613314, 6776.30596716]
[4829.92537775, 6278.13147511]
[4829.92537775, 6278.13147511]
[4839.98365916, 6678.00499383]
[5194.94798514, 6862.39677043]
[6377.77520053, 7252.70358574]
