-2833.0 4969.0
-2444.32869039 5063.52308227
-2054.46981919 5153.02202387
-1655.55969244 5182.5298327
-1268.0290563 5281.62577638
-883.784017664 5392.78219896
-625.506101071 5087.34396003
-238.422049309 5188.17023077
36.5850771307 4897.70322678
422.349305207 5003.46692724
805.307430176 5118.97915396
1130.31517267 5352.15283883
1495.52480219 5515.31510931
1796.50919751 5778.76983744
2196.49134953 5782.54847005
2558.10707531 5611.56874357
2939.47990797 5732.21186403
3002.10605875 5337.14482511
3399.44151022 5383.23754694
3796.3714779 5333.77442174
4171.79946146 5471.81003005
4829.92537775 6278.13147511