[8661.33142055, 7367.35912817]
[8267.69546731, 7296.29059564]
[7869.23776369, 7331.38273756]
[7716.99385116, 6961.48844036]
[7389.06635935, 6732.43918776]
[7146.04517118, 6414.72752273]
[7212.56468846, 6020.2973593]
[6874.06578978, 5807.18120414]
[6632.98652439, 5487.99350418]
[6242.09656162, 5572.87599354]
[5928.57189886, 5324.47654538]
[5536.66920713, 5244.39983082]
[5338.41922788, 4896.9851712]
[4941.95155859, 4843.94379858]
[3666.0, 4969.0]
[3666.0, 4969.0]
[3166.0, 4969.0]
[3166.0, 4469.0]
[3166.0, 3969.0]
[3166.0, 3469.0]
[3166.0, 2969.0]
[3166.0, 2469.0]
[3166.0, 1969.0]
[3166.0, 1469.0]
[3166.0, 969.0]
[3166.0, 469.0]
[3166.0, -30.0]
[3166.0, -530.0]
[3166.0, -1030.0]
[3166.0, -1530.0]
[3166.0, -2030.0]
[3166.0, -2530.0]
[3166.0, -3030.0]
[3166.0, -3530.0]
[3166.0, -4030.0]
[3166.0, -4530.0]
[3166.0, -5030.0]
[3166.0, -5530.0]
[2666.0, -5530.0]
[2666.0, -5030.0]
[2666.0, -4530.0]
[2666.0, -4030.0]
[2666.0, -3530.0]
[2666.0, -3030.0]
[2666.0, -2530.0]
[2666.0, -2030.0]
[2666.0, -1530.0]
[2666.0, -1030.0]
[2666.0, -530.0]
[2666.0, -30.0]
[2666.0, 469.0]
[2666.0, 969.0]
[2666.0, 1469.0]
[2666.0, 1969.0]
[2666.0, 2469.0]
[2666.0, 2969.0]
[2666.0, 3469.0]
[2666.0, 3969.0]
[2666.0, 4469.0]
[2666.0, 4969.0]
[2166.0, 4969.0]
[2166.0, 4469.0]
[2166.0, 3969.0]
[2166.0, 3469.0]
[2166.0, 2969.0]
[2166.0, 2469.0]
[2166.0, 1969.0]
[2166.0, 1469.0]
[2166.0, 969.0]
[2166.0, 469.0]
[2166.0, -30.0]
[2166.0, -530.0]
[2166.0, -1030.0]
[2166.0, -1530.0]
[2166.0, -2030.0]
[2166.0, -2530.0]
[2166.0, -3030.0]
[2166.0, -3530.0]
[2166.0, -4030.0]
[2166.0, -4530.0]
[2166.0, -5030.0]
[2166.0, -5530.0]
[1666.0, -5530.0]
[1666.0, -5030.0]
[1666.0, -4530.0]
[1666.0, -4030.0]
[1666.0, -3530.0]
[1666.0, -3030.0]
[1666.0, -2530.0]
[1666.0, -2030.0]
[1666.0, -1530.0]
[1666.0, -1030.0]
[1666.0, -530.0]
[1666.0, -30.0]
[1666.0, 469.0]
[1666.0, 969.0]
[1666.0, 1469.0]
[1666.0, 1969.0]
[1666.0, 2469.0]
[1666.0, 2969.0]
[1666.0, 3469.0]
[1666.0, 3969.0]
[1666.0, 4469.0]
[1666.0, 4969.0]
[1166.0, 4969.0]
[1166.0, 4469.0]
[1166.0, 3969.0]
[1166.0, 3469.0]
[1166.0, 2969.0]
[1166.0, 2469.0]
[1166.0, 1969.0]
[1166.0, 1469.0]
[1166.0, 969.0]
[1166.0, 469.0]
[1166.0, -30.0]
[1166.0, -530.0]
[1166.0, -1030.0]
[1166.0, -1530.0]
[1166.0, -2030.0]
[666.0, -2030.0]
[666.0, -1530.0]
[666.0, -1030.0]
[666.0, -530.0]
[666.0, -30.0]
[666.0, 469.0]
[666.0, 969.0]
[666.0, 1469.0]
[666.0, 1969.0]
[666.0, 2469.0]
[666.0, 2969.0]
[666.0, 3469.0]
[666.0, 3969.0]
[666.0, 4469.0]
[666.0, 4969.0]
[166.0, 4969.0]
[166.0, 4469.0]
[166.0, 3969.0]
[166.0, 3469.0]
[166.0, 2969.0]
[166.0, 2469.0]
[166.0, 1969.0]
[166.0, 1469.0]
[166.0, 969.0]
[166.0, 469.0]
[166.0, -30.0]
[166.0, -530.0]
[166.0, -1030.0]
[166.0, -1530.0]
[166.0, -2030.0]
[-333.0, -2030.0]
[-333.0, -1530.0]
[-333.0, -1030.0]
[-333.0, -530.0]
[-333.0, -30.0]
[-333.0, 469.0]
[-333.0, 969.0]
[-333.0, 1469.0]
[-333.0, 1969.0]
[-333.0, 2469.0]
[-333.0, 2969.0]
[-333.0, 3469.0]
[-333.0, 3969.0]
[-333.0, 4469.0]
[-333.0, 4969.0]
[-833.0, 4969.0]
[-833.0, 4469.0]
[-833.0, 3969.0]
[-833.0, 3469.0]
[-833.0, 2969.0]
[-833.0, 2469.0]
[-833.0, 1969.0]
[-833.0, 1469.0]
[-833.0, 969.0]
[-833.0, 469.0]
[-833.0, -30.0]
[-833.0, -530.0]
[-833.0, -1030.0]
[-833.0, -1530.0]
[-833.0, -2030.0]
[-1333.0, -2030.0]
[-1333.0, -1530.0]
[-1333.0, -1030.0]
[-1333.0, -530.0]
[-1333.0, -30.0]
[-1333.0, 469.0]
[-1333.0, 969.0]
[-1333.0, 1469.0]
[-1333.0, 1969.0]
[-1333.0, 2469.0]
[-1333.0, 2969.0]
[-1333.0, 3469.0]
[-1333.0, 3969.0]
[-1333.0, 4469.0]
[-1333.0, 4969.0]
[-1833.0, 4969.0]
[-1833.0, 4469.0]
[-1833.0, 3969.0]
[-1833.0, 3469.0]
[-1833.0, 2969.0]
[-1833.0, 2469.0]
[-1833.0, 1969.0]
[-1833.0, 1469.0]
[-1833.0, 969.0]
[-1833.0, 469.0]
[-1833.0, -30.0]
[-1833.0, -530.0]
[-1833.0, -1030.0]
[-1833.0, -1530.0]
[-1833.0, -2030.0]
[-2333.0, -2030.0]
[-2333.0, -1530.0]
[-2333.0, -1030.0]
[-2333.0, -530.0]
[-2333.0, -30.0]
[-2333.0, 469.0]
[-2333.0, 969.0]
[-2333.0, 1469.0]
[-2333.0, 1969.0]
[-2333.0, 2469.0]
[-2333.0, 2969.0]
[-2333.0, 3469.0]
[-2333.0, 3969.0]
[-2333.0, 4469.0]
[-2333.0, 4969.0]
[-2833.0, 4969.0]
[-2833.0, 4969.0]
[-2434.21838404, 5000.19651854]
[-2035.39101452, 5030.80255265]
[-1639.23916786, 5086.15338269]
[-1417.62507385, 5419.15066998]
[-1017.66753057, 5424.97849762]
[-641.817153197, 5561.85981054]
[-253.770785002, 5658.91657811]
[63.1600450033, 5414.87795618]
[388.1691262, 5648.0497751]
[779.685217738, 5729.99579433]
[1143.25727492, 5896.77516726]
[1540.15767893, 5946.47495896]
[1692.38429293, 6316.37637555]
[2084.81248364, 6393.83678565]
[2483.87361137, 6421.22686293]
[2704.18029738, 6087.36317203]
[3054.43246209, 6280.55587665]
[3454.33168032, 6271.57727619]
[3736.12513209, 5987.68918109]
[4829.92537775, 6278.13147511]
[4829.92537775, 6278.13147511]
[5191.11410127, 6450.0113925]
[5556.35726896, 6613.09857303]
[6377.77520053, 7252.70358574]
