8661.33142055 7367.35912817
8261.39704702 7374.60460068
8173.25039971 6984.43775359
7773.34100156 6975.92463011
7711.86337672 6580.67723715
7631.20875477 6188.89307213
7421.7608976 5848.11221128
7034.59250065 5747.61030879
6940.56602757 5358.81856202
7009.76046701 4964.84885563
7172.9066086 4599.63202075
7253.93828993 4207.9256682
6885.2834501 4052.7045064
6716.27391434 3690.16378204
6316.29727811 3694.48702977
5993.23064229 3458.63125006
5606.37439682 3560.32808058
5401.83999286 3904.08042981
5167.6505231 4228.35699735
4783.19643247 4338.78820759
3666.0 4969.0