3666 4969
3166 4969
3166 4469
3166 3969
3166 3469
3166 2969
3166 2469
3166 1969
3166 1469
3166 969
3166 469
3166 -30
3166 -530
3166 -1030
3166 -1530
3166 -2030
3166 -2530
3166 -3030
3166 -3530
3166 -4030
3166 -4530
3166 -5030
3166 -5530
2666 -5530
2666 -5030
2666 -4530
2666 -4030
2666 -3530
2666 -3030
2666 -2530
2666 -2030
2666 -1530
2666 -1030
2666 -530
2666 -30
2666 469
2666 969
2666 1469
2666 1969
2666 2469
2666 2969
2666 3469
2666 3969
2666 4469
2666 4969
2166 4969
2166 4469
2166 3969
2166 3469
2166 2969
2166 2469
2166 1969
2166 1469
2166 969
2166 469
2166 -30
2166 -530
2166 -1030
2166 -1530
2166 -2030
2166 -2530
2166 -3030
2166 -3530
2166 -4030
2166 -4530
2166 -5030
2166 -5530
1666 -5530
1666 -5030
1666 -4530
1666 -4030
1666 -3530
1666 -3030
1666 -2530
1666 -2030
1666 -1530
1666 -1030
1666 -530
1666 -30
1666 469
1666 969
1666 1469
1666 1969
1666 2469
1666 2969
1666 3469
1666 3969
1666 4469
1666 4969
1166 4969
1166 4469
1166 3969
1166 3469
1166 2969
1166 2469
1166 1969
1166 1469
1166 969
1166 469
1166 -30
1166 -530
1166 -1030
1166 -1530
1166 -2030
666 -2030
666 -1530
666 -1030
666 -530
666 -30
666 469
666 969
666 1469
666 1969
666 2469
666 2969
666 3469
666 3969
666 4469
666 4969
166 4969
166 4469
166 3969
166 3469
166 2969
166 2469
166 1969
166 1469
166 969
166 469
166 -30
166 -530
166 -1030
166 -1530
166 -2030
-333 -2030
-333 -1530
-333 -1030
-333 -530
-333 -30
-333 469
-333 969
-333 1469
-333 1969
-333 2469
-333 2969
-333 3469
-333 3969
-333 4469
-333 4969
-833 4969
-833 4469
-833 3969
-833 3469
-833 2969
-833 2469
-833 1969
-833 1469
-833 969
-833 469
-833 -30
-833 -530
-833 -1030
-833 -1530
-833 -2030
-1333 -2030
-1333 -1530
-1333 -1030
-1333 -530
-1333 -30
-1333 469
-1333 969
-1333 1469
-1333 1969
-1333 2469
-1333 2969
-1333 3469
-1333 3969
-1333 4469
-1333 4969
-1833 4969
-1833 4469
-1833 3969
-1833 3469
-1833 2969
-1833 2469
-1833 1969
-1833 1469
-1833 969
-1833 469
-1833 -30
-1833 -530
-1833 -1030
-1833 -1530
-1833 -2030
-2333 -2030
-2333 -1530
-2333 -1030
-2333 -530
-2333 -30
-2333 469
-2333 969
-2333 1469
-2333 1969
-2333 2469
-2333 2969
-2333 3469
-2333 3969
-2333 4469
-2333 4969
-2833 4969
