-2833.0 4969.0
-2434.21838404 5000.19651854
-2035.39101452 5030.80255265
-1639.23916786 5086.15338269
-1417.62507385 5419.15066998
-1017.66753057 5424.97849762
-641.817153197 5561.85981054
-253.770785002 5658.91657811
63.1600450033 5414.87795618
388.1691262 5648.0497751
779.685217738 5729.99579433
1143.25727492 5896.77516726
1540.15767893 5946.47495896
1692.38429293 6316.37637555
2084.81248364 6393.83678565
2483.87361137 6421.22686293
2704.18029738 6087.36317203
3054.43246209 6280.55587665
3454.33168032 6271.57727619
3736.12513209 5987.68918109
4829.92537775 6278.13147511