[8661.33142055, 7367.35912817]
[8534.11075792, 6988.12977408]
[8136.53541579, 6944.15424311]
[7919.34718707, 6608.25355346]
[7555.55120917, 6774.54392137]
[7159.6921152, 6717.13679881]
[6839.73629224, 6477.07790738]
[6451.9358216, 6379.04324531]
[6328.00192782, 5998.72707424]
[6219.68127749, 5613.67300439]
[5820.42555858, 5589.28302864]
[5517.16414916, 5328.45259032]
[5204.02113761, 5577.33299196]
[4121.0, 5566.0]
[4121.0, 5566.0]
[3621.0, 5566.0]
[3621.0, 5066.0]
[3621.0, 4566.0]
[3621.0, 4066.0]
[3621.0, 3566.0]
[3621.0, 3066.0]
[3621.0, 2566.0]
[3621.0, 2066.0]
[3621.0, 1566.0]
[3621.0, 1066.0]
[3621.0, 566.0]
[3621.0, 66.0]
[3621.0, -433.0]
[3621.0, -933.0]
[3621.0, -1433.0]
[3621.0, -1933.0]
[3621.0, -2433.0]
[3621.0, -2933.0]
[3621.0, -3433.0]
[3621.0, -3933.0]
[3621.0, -4433.0]
[3621.0, -4933.0]
[3621.0, -5433.0]
[3621.0, -5933.0]
[3621.0, -6433.0]
[3621.0, -6933.0]
[3621.0, -7433.0]
[3621.0, -7933.0]
[3621.0, -8433.0]
[3621.0, -8933.0]
[3621.0, -9433.0]
[3621.0, -9933.0]
[3621.0, -10433.0]
[3621.0, -10933.0]
[3621.0, -11433.0]
[3621.0, -11933.0]
[3621.0, -12433.0]
[3621.0, -12933.0]
[3621.0, -13433.0]
[3121.0, -13433.0]
[3121.0, -12933.0]
[3121.0, -12433.0]
[3121.0, -11933.0]
[3121.0, -11433.0]
[3121.0, -10933.0]
[3121.0, -10433.0]
[3121.0, -9933.0]
[3121.0, -9433.0]
[3121.0, -8933.0]
[3121.0, -8433.0]
[3121.0, -7933.0]
[3121.0, -7433.0]
[3121.0, -6933.0]
[3121.0, -6433.0]
[3121.0, -5933.0]
[3121.0, -5433.0]
[3121.0, -4933.0]
[3121.0, -4433.0]
[3121.0, -3933.0]
[3121.0, -3433.0]
[3121.0, -2933.0]
[3121.0, -2433.0]
[3121.0, -1933.0]
[3121.0, -1433.0]
[3121.0, -933.0]
[3121.0, -433.0]
[3121.0, 66.0]
[3121.0, 566.0]
[3121.0, 1066.0]
[3121.0, 1566.0]
[3121.0, 2066.0]
[3121.0, 2566.0]
[3121.0, 3066.0]
[3121.0, 3566.0]
[3121.0, 4066.0]
[3121.0, 4566.0]
[3121.0, 5066.0]
[3121.0, 5566.0]
[2621.0, 5566.0]
[2621.0, 5066.0]
[2621.0, 4566.0]
[2621.0, 4066.0]
[2621.0, 3566.0]
[2621.0, 3066.0]
[2621.0, 2566.0]
[2621.0, 2066.0]
[2621.0, 1566.0]
[2621.0, 1066.0]
[2621.0, 566.0]
[2621.0, 66.0]
[2621.0, -433.0]
[2621.0, -933.0]
[2621.0, -1433.0]
[2621.0, -1933.0]
[2621.0, -2433.0]
[2621.0, -2933.0]
[2621.0, -3433.0]
[2621.0, -3933.0]
[2621.0, -4433.0]
[2621.0, -4933.0]
[2621.0, -5433.0]
[2621.0, -5933.0]
[2621.0, -6433.0]
[2621.0, -6933.0]
[2621.0, -7433.0]
[2621.0, -7933.0]
[2621.0, -8433.0]
[2621.0, -8933.0]
[2621.0, -9433.0]
[2621.0, -9933.0]
[2621.0, -10433.0]
[2621.0, -10933.0]
[2621.0, -11433.0]
[2621.0, -11933.0]
[2621.0, -12433.0]
[2621.0, -12933.0]
[2621.0, -13433.0]
[2121.0, -13433.0]
[2121.0, -12933.0]
[2121.0, -12433.0]
[2121.0, -11933.0]
[2121.0, -11433.0]
[2121.0, -10933.0]
[2121.0, -10433.0]
[2121.0, -9933.0]
[2121.0, -9433.0]
[2121.0, -8933.0]
[2121.0, -8433.0]
[2121.0, -7933.0]
[2121.0, -7433.0]
[2121.0, -6933.0]
[2121.0, -6433.0]
[2121.0, -5933.0]
[2121.0, -5433.0]
[2121.0, -4933.0]
[2121.0, -4433.0]
[2121.0, -3933.0]
[2121.0, -3433.0]
[2121.0, -2933.0]
[2121.0, -2433.0]
[2121.0, -1933.0]
[2121.0, -1433.0]
[2121.0, -933.0]
[2121.0, -433.0]
[2121.0, 66.0]
[2121.0, 566.0]
[2121.0, 1066.0]
[2121.0, 1566.0]
[2121.0, 2066.0]
[2121.0, 2566.0]
[2121.0, 3066.0]
[2121.0, 3566.0]
[2121.0, 4066.0]
[2121.0, 4566.0]
[2121.0, 5066.0]
[2121.0, 5566.0]
[1621.0, 5566.0]
[1621.0, 5066.0]
[1621.0, 4566.0]
[1621.0, 4066.0]
[1621.0, 3566.0]
[1621.0, 3066.0]
[1621.0, 2566.0]
[1621.0, 2066.0]
[1621.0, 1566.0]
[1621.0, 1066.0]
[1621.0, 566.0]
[1621.0, 66.0]
[1621.0, -433.0]
[1621.0, -933.0]
[1621.0, -1433.0]
[1621.0, -1933.0]
[1621.0, -2433.0]
[1621.0, -2933.0]
[1621.0, -3433.0]
[1621.0, -3933.0]
[1621.0, -4433.0]
[1621.0, -4933.0]
[1621.0, -5433.0]
[1621.0, -5933.0]
[1621.0, -6433.0]
[1621.0, -6933.0]
[1621.0, -7433.0]
[1621.0, -7933.0]
[1621.0, -8433.0]
[1621.0, -8933.0]
[1621.0, -9433.0]
[1621.0, -9933.0]
[1621.0, -10433.0]
[1621.0, -10933.0]
[1621.0, -11433.0]
[1621.0, -11933.0]
[1621.0, -12433.0]
[1621.0, -12933.0]
[1621.0, -13433.0]
[1121.0, -13433.0]
[1121.0, -12933.0]
[1121.0, -12433.0]
[1121.0, -11933.0]
[1121.0, -11433.0]
[1121.0, -10933.0]
[1121.0, -10433.0]
[1121.0, -9933.0]
[1121.0, -9433.0]
[1121.0, -8933.0]
[1121.0, -8433.0]
[1121.0, -7933.0]
[1121.0, -7433.0]
[1121.0, -6933.0]
[1121.0, -6433.0]
[1121.0, -5933.0]
[1121.0, -5433.0]
[1121.0, -4933.0]
[1121.0, -4433.0]
[1121.0, -3933.0]
[1121.0, -3433.0]
[1121.0, -2933.0]
[1121.0, -2433.0]
[1121.0, -1933.0]
[1121.0, -1433.0]
[1121.0, -933.0]
[1121.0, -433.0]
[1121.0, 66.0]
[1121.0, 566.0]
[1121.0, 1066.0]
[1121.0, 1566.0]
[1121.0, 2066.0]
[1121.0, 2566.0]
[1121.0, 3066.0]
[1121.0, 3566.0]
[1121.0, 4066.0]
[1121.0, 4566.0]
[1121.0, 5066.0]
[1121.0, 5566.0]
[621.0, 5566.0]
[621.0, 5066.0]
[621.0, 4566.0]
[621.0, 4066.0]
[621.0, 3566.0]
[621.0, 3066.0]
[621.0, 2566.0]
[621.0, 2066.0]
[621.0, 1566.0]
[621.0, 1066.0]
[621.0, 566.0]
[621.0, 66.0]
[621.0, -433.0]
[621.0, -933.0]
[621.0, -1433.0]
[621.0, -1933.0]
[621.0, -2433.0]
[621.0, -2933.0]
[621.0, -2433.0]
[621.0, -2433.0]
[121.0, -2433.0]
[121.0, -1933.0]
[121.0, -1433.0]
[121.0, -933.0]
[121.0, -433.0]
[121.0, 66.0]
[121.0, 566.0]
[121.0, 1066.0]
[121.0, 1566.0]
[121.0, 2066.0]
[121.0, 2566.0]
[121.0, 3066.0]
[121.0, 3566.0]
[121.0, 4066.0]
[121.0, 4566.0]
[121.0, 5066.0]
[121.0, 5566.0]
[-378.0, 5566.0]
[-378.0, 5066.0]
[-378.0, 4566.0]
[-378.0, 4066.0]
[-378.0, 3566.0]
[-378.0, 3066.0]
[-378.0, 2566.0]
[-378.0, 2066.0]
[-378.0, 1566.0]
[-378.0, 1066.0]
[-378.0, 566.0]
[-378.0, 66.0]
[-378.0, -433.0]
[-378.0, -933.0]
[-378.0, -1433.0]
[-378.0, -1933.0]
[-378.0, -1433.0]
[-378.0, -1433.0]
[-878.0, -1433.0]
[-878.0, -933.0]
[-878.0, -433.0]
[-878.0, 66.0]
[-878.0, 566.0]
[-878.0, 1066.0]
[-878.0, 1566.0]
[-878.0, 2066.0]
[-878.0, 2566.0]
[-878.0, 3066.0]
[-878.0, 3566.0]
[-878.0, 4066.0]
[-878.0, 4566.0]
[-878.0, 5066.0]
[-878.0, 5566.0]
[-1378.0, 5566.0]
[-1378.0, 5066.0]
[-1378.0, 4566.0]
[-1378.0, 4066.0]
[-1378.0, 3566.0]
[-1378.0, 3066.0]
[-1378.0, 2566.0]
[-1378.0, 2066.0]
[-1378.0, 1566.0]
[-1378.0, 1066.0]
[-1378.0, 566.0]
[-1378.0, 66.0]
[-1378.0, -433.0]
[-1378.0, -933.0]
[-1378.0, -1433.0]
[-1378.0, -1933.0]
[-1378.0, -2433.0]
[-1878.0, -2433.0]
[-1878.0, -2933.0]
[-2378.0, -2933.0]
[-2378.0, -3433.0]
[-2878.0, -3433.0]
[-2878.0, -3933.0]
[-2878.0, -4433.0]
[-3378.0, -4433.0]
[-3378.0, -4933.0]
[-3878.0, -4933.0]
[-3878.0, -5433.0]
[-3878.0, -5933.0]
[-3878.0, -6433.0]
[-3878.0, -6933.0]
[-3878.0, -7433.0]
[-3878.0, -7933.0]
[-3878.0, -8433.0]
[-3878.0, -8933.0]
[-3878.0, -9433.0]
[-3878.0, -9933.0]
[-3878.0, -10433.0]
[-3878.0, -10933.0]
[-3878.0, -11433.0]
[-3878.0, -11933.0]
[-3878.0, -12433.0]
[-3878.0, -12933.0]
[-3878.0, -13433.0]
[-3378.0, -13433.0]
[-2878.0, -13433.0]
[-2378.0, -13433.0]
[-1878.0, -13433.0]
[-1378.0, -13433.0]
[-878.0, -13433.0]
[-378.0, -13433.0]
[121.0, -13433.0]
[621.0, -13433.0]
[621.0, -12933.0]
[621.0, -12433.0]
[621.0, -11933.0]
[621.0, -11433.0]
[621.0, -10933.0]
[621.0, -10433.0]
[621.0, -9933.0]
[621.0, -9433.0]
[621.0, -8933.0]
[621.0, -8433.0]
[621.0, -7933.0]
[621.0, -7433.0]
[621.0, -6933.0]
[621.0, -6433.0]
[621.0, -5933.0]
[621.0, -5433.0]
[621.0, -4933.0]
[621.0, -4433.0]
[621.0, -3933.0]
[621.0, -4433.0]
[621.0, -4433.0]
[121.0, -4433.0]
[121.0, -4933.0]
[121.0, -5433.0]
[121.0, -5933.0]
[121.0, -6433.0]
[121.0, -6933.0]
[121.0, -7433.0]
[121.0, -7933.0]
[121.0, -8433.0]
[121.0, -8933.0]
[121.0, -9433.0]
[121.0, -9933.0]
[121.0, -10433.0]
[121.0, -10933.0]
[121.0, -11433.0]
[121.0, -11933.0]
[121.0, -12433.0]
[121.0, -12933.0]
[-378.0, -12933.0]
[-378.0, -12433.0]
[-378.0, -11933.0]
[-378.0, -11433.0]
[-378.0, -10933.0]
[-378.0, -10433.0]
[-378.0, -9933.0]
[-378.0, -9433.0]
[-378.0, -8933.0]
[-378.0, -8433.0]
[-378.0, -7933.0]
[-378.0, -7433.0]
[-378.0, -6933.0]
[-378.0, -6433.0]
[-378.0, -5933.0]
[-378.0, -5433.0]
[-378.0, -5933.0]
[-378.0, -5933.0]
[-878.0, -5933.0]
[-878.0, -6433.0]
[-878.0, -6933.0]
[-878.0, -7433.0]
[-878.0, -7933.0]
[-878.0, -8433.0]
[-878.0, -8933.0]
[-878.0, -9433.0]
[-878.0, -9933.0]
[-878.0, -10433.0]
[-878.0, -10933.0]
[-878.0, -11433.0]
[-878.0, -11933.0]
[-878.0, -12433.0]
[-878.0, -12933.0]
[-1378.0, -12933.0]
[-1378.0, -12433.0]
[-1378.0, -11933.0]
[-1378.0, -11433.0]
[-1378.0, -10933.0]
[-1378.0, -10433.0]
[-1378.0, -9933.0]
[-1378.0, -9433.0]
[-1378.0, -8933.0]
[-1378.0, -8433.0]
[-1378.0, -7933.0]
[-1378.0, -7433.0]
[-1378.0, -6933.0]
[-1378.0, -6433.0]
[-1378.0, -6933.0]
[-1378.0, -6933.0]
[-1878.0, -6933.0]
[-1878.0, -7433.0]
[-1878.0, -7933.0]
[-1878.0, -8433.0]
[-1878.0, -8933.0]
[-1878.0, -9433.0]
[-1878.0, -9933.0]
[-1878.0, -10433.0]
[-1878.0, -10933.0]
[-1878.0, -11433.0]
[-1878.0, -11933.0]
[-1878.0, -12433.0]
[-1878.0, -12933.0]
[-2378.0, -12933.0]
[-2378.0, -12433.0]
[-2378.0, -11933.0]
[-2378.0, -11433.0]
[-2378.0, -10933.0]
[-2378.0, -10433.0]
[-2378.0, -9933.0]
[-2378.0, -9433.0]
[-2378.0, -8933.0]
[-2378.0, -8433.0]
[-2378.0, -7933.0]
[-2378.0, -7433.0]
[-2878.0, -7433.0]
[-2878.0, -7933.0]
[-2878.0, -8433.0]
[-2878.0, -8933.0]
[-2878.0, -9433.0]
[-2878.0, -9933.0]
[-2878.0, -10433.0]
[-2878.0, -10933.0]
[-2878.0, -11433.0]
[-2878.0, -11933.0]
[-2878.0, -12433.0]
[-2878.0, -12933.0]
[-3378.0, -12933.0]
[-3378.0, -12433.0]
[-3378.0, -11933.0]
[-3378.0, -11433.0]
[-3378.0, -10933.0]
[-3378.0, -10433.0]
[-3378.0, -9933.0]
[-3378.0, -9433.0]
[-3378.0, -8933.0]
[-3378.0, -8433.0]
[-3378.0, -7933.0]
[-3378.0, -7433.0]
[-3378.0, -6933.0]
[-3878.0, -6933.0]
[-3878.0, -6433.0]
[-3878.0, -5933.0]
[-3878.0, -5433.0]
[-3878.0, -4933.0]
[-3878.0, -4933.0]
[-3878.0, -4433.0]
[-3878.0, -3933.0]
[-3378.0, -3933.0]
[-3378.0, -3433.0]
[-3378.0, -2933.0]
[-2878.0, -2933.0]
[-2878.0, -2433.0]
[-2378.0, -2433.0]
[-2378.0, -1933.0]
[-1878.0, -1933.0]
[-1878.0, -1433.0]
[-1878.0, -933.0]
[-1878.0, -433.0]
[-1878.0, 66.0]
[-1878.0, 566.0]
[-1878.0, 1066.0]
[-1878.0, 1566.0]
[-1878.0, 2066.0]
[-1878.0, 2566.0]
[-1878.0, 3066.0]
[-1878.0, 3566.0]
[-1878.0, 4066.0]
[-1878.0, 4566.0]
[-1878.0, 5066.0]
[-1878.0, 5566.0]
[-2378.0, 5566.0]
[-2378.0, 5066.0]
[-2378.0, 4566.0]
[-2378.0, 4066.0]
[-2378.0, 3566.0]
[-2378.0, 3066.0]
[-2378.0, 2566.0]
[-2378.0, 2066.0]
[-2378.0, 1566.0]
[-2378.0, 1066.0]
[-2378.0, 566.0]
[-2378.0, 66.0]
[-2378.0, -433.0]
[-2378.0, -933.0]
[-2378.0, -1433.0]
[-2878.0, -1433.0]
[-2878.0, -1933.0]
[-3378.0, -1933.0]
[-3378.0, -2433.0]
[-3878.0, -2433.0]
[-3878.0, -2933.0]
[-3878.0, -3433.0]
[-3878.0, -2933.0]
[-3878.0, -2433.0]
[-3878.0, -2433.0]
[-3878.0, -1933.0]
[-3878.0, -1433.0]
[-3378.0, -1433.0]
[-3378.0, -933.0]
[-2878.0, -933.0]
[-2878.0, -433.0]
[-2878.0, 66.0]
[-2878.0, 566.0]
[-2878.0, 1066.0]
[-2878.0, 1566.0]
[-2878.0, 2066.0]
[-2878.0, 2566.0]
[-2878.0, 3066.0]
[-2878.0, 3566.0]
[-2878.0, 4066.0]
[-2878.0, 4566.0]
[-2878.0, 5066.0]
[-2878.0, 5566.0]
[-3378.0, 5566.0]
[-3378.0, 5066.0]
[-3378.0, 4566.0]
[-3378.0, 4066.0]
[-3378.0, 3566.0]
[-3378.0, 3066.0]
[-3378.0, 2566.0]
[-3378.0, 2066.0]
[-3378.0, 1566.0]
[-3378.0, 1066.0]
[-3378.0, 566.0]
[-3378.0, 66.0]
[-3378.0, -433.0]
[-3878.0, -433.0]
[-3878.0, -933.0]
[-3878.0, -433.0]
[-3878.0, -433.0]
[-3878.0, 66.0]
[-3878.0, 566.0]
[-3878.0, 1066.0]
[-3878.0, 1566.0]
[-3878.0, 2066.0]
[-3878.0, 2566.0]
[-3878.0, 3066.0]
[-3878.0, 3566.0]
[-3878.0, 4066.0]
[-3878.0, 4566.0]
[-3878.0, 5066.0]
[-3878.0, 5566.0]
[-3878.0, 5566.0]
[-3483.83709412, 5634.08526736]
[-3084.47126193, 5656.60041949]
[-2689.94969796, 5722.57568428]
[-2295.97477115, 5791.7403938]
[-2055.88683976, 5471.80636123]
[-1695.20492796, 5644.74727166]
[-1382.20151186, 5395.69133115]
[-1022.95940995, 5571.60355987]
[-628.171727561, 5635.96725956]
[-297.215245873, 5860.61767071]
[-75.0989079546, 5527.95518044]
[324.754204883, 5517.11598519]
[601.881968125, 5228.67153154]
[980.404884565, 5357.97892394]
[1216.52540482, 5680.85211873]
[1608.85279781, 5758.82145061]
[2008.76488486, 5750.43559165]
[2408.61569308, 5739.51171136]
[2804.87523814, 5684.93723975]
[3121.01095774, 5930.00499935]
[3492.74331076, 6077.704213]
[4829.92537775, 6278.13147511]
[4829.92537775, 6278.13147511]
[4839.98365916, 6678.00499383]
[5194.94798514, 6862.39677043]
[6377.77520053, 7252.70358574]
