[8661.33142055, 7367.35912817]
[8261.39704702, 7374.60460068]
[8173.25039971, 6984.43775359]
[7773.34100156, 6975.92463011]
[7711.86337672, 6580.67723715]
[7631.20875477, 6188.89307213]
[7421.7608976, 5848.11221128]
[7034.59250065, 5747.61030879]
[6940.56602757, 5358.81856202]
[7009.76046701, 4964.84885563]
[7172.9066086, 4599.63202075]
[7253.93828993, 4207.9256682]
[6885.2834501, 4052.7045064]
[6716.27391434, 3690.16378204]
[6316.29727811, 3694.48702977]
[5993.23064229, 3458.63125006]
[5606.37439682, 3560.32808058]
[5401.83999286, 3904.08042981]
[5167.6505231, 4228.35699735]
[4783.19643247, 4338.78820759]
[3666.0, 4969.0]
[3666.0, 4969.0]
[3166.0, 4969.0]
[3166.0, 4469.0]
[3166.0, 3969.0]
[3166.0, 3469.0]
[3166.0, 2969.0]
[3166.0, 2469.0]
[3166.0, 1969.0]
[3166.0, 1469.0]
[3166.0, 969.0]
[3166.0, 469.0]
[3166.0, -30.0]
[3166.0, -530.0]
[3166.0, -1030.0]
[3166.0, -1530.0]
[3166.0, -2030.0]
[3166.0, -2530.0]
[3166.0, -3030.0]
[3166.0, -3530.0]
[3166.0, -4030.0]
[3166.0, -4530.0]
[3166.0, -5030.0]
[3166.0, -5530.0]
[2666.0, -5530.0]
[2666.0, -5030.0]
[2666.0, -4530.0]
[2666.0, -4030.0]
[2666.0, -3530.0]
[2666.0, -3030.0]
[2666.0, -2530.0]
[2666.0, -2030.0]
[2666.0, -1530.0]
[2666.0, -1030.0]
[2666.0, -530.0]
[2666.0, -30.0]
[2666.0, 469.0]
[2666.0, 969.0]
[2666.0, 1469.0]
[2666.0, 1969.0]
[2666.0, 2469.0]
[2666.0, 2969.0]
[2666.0, 3469.0]
[2666.0, 3969.0]
[2666.0, 4469.0]
[2666.0, 4969.0]
[2166.0, 4969.0]
[2166.0, 4469.0]
[2166.0, 3969.0]
[2166.0, 3469.0]
[2166.0, 2969.0]
[2166.0, 2469.0]
[2166.0, 1969.0]
[2166.0, 1469.0]
[2166.0, 969.0]
[2166.0, 469.0]
[2166.0, -30.0]
[2166.0, -530.0]
[2166.0, -1030.0]
[2166.0, -1530.0]
[2166.0, -2030.0]
[2166.0, -2530.0]
[2166.0, -3030.0]
[2166.0, -3530.0]
[2166.0, -4030.0]
[2166.0, -4530.0]
[2166.0, -5030.0]
[2166.0, -5530.0]
[1666.0, -5530.0]
[1666.0, -5030.0]
[1666.0, -4530.0]
[1666.0, -4030.0]
[1666.0, -3530.0]
[1666.0, -3030.0]
[1666.0, -2530.0]
[1666.0, -2030.0]
[1666.0, -1530.0]
[1666.0, -1030.0]
[1666.0, -530.0]
[1666.0, -30.0]
[1666.0, 469.0]
[1666.0, 969.0]
[1666.0, 1469.0]
[1666.0, 1969.0]
[1666.0, 2469.0]
[1666.0, 2969.0]
[1666.0, 3469.0]
[1666.0, 3969.0]
[1666.0, 4469.0]
[1666.0, 4969.0]
[1166.0, 4969.0]
[1166.0, 4469.0]
[1166.0, 3969.0]
[1166.0, 3469.0]
[1166.0, 2969.0]
[1166.0, 2469.0]
[1166.0, 1969.0]
[1166.0, 1469.0]
[1166.0, 969.0]
[1166.0, 469.0]
[1166.0, -30.0]
[1166.0, -530.0]
[1166.0, -1030.0]
[1166.0, -1530.0]
[1166.0, -2030.0]
[666.0, -2030.0]
[666.0, -1530.0]
[666.0, -1030.0]
[666.0, -530.0]
[666.0, -30.0]
[666.0, 469.0]
[666.0, 969.0]
[666.0, 1469.0]
[666.0, 1969.0]
[666.0, 2469.0]
[666.0, 2969.0]
[666.0, 3469.0]
[666.0, 3969.0]
[666.0, 4469.0]
[666.0, 4969.0]
[166.0, 4969.0]
[166.0, 4469.0]
[166.0, 3969.0]
[166.0, 3469.0]
[166.0, 2969.0]
[166.0, 2469.0]
[166.0, 1969.0]
[166.0, 1469.0]
[166.0, 969.0]
[166.0, 469.0]
[166.0, -30.0]
[166.0, -530.0]
[166.0, -1030.0]
[166.0, -1530.0]
[166.0, -2030.0]
[-333.0, -2030.0]
[-333.0, -1530.0]
[-333.0, -1030.0]
[-333.0, -530.0]
[-333.0, -30.0]
[-333.0, 469.0]
[-333.0, 969.0]
[-333.0, 1469.0]
[-333.0, 1969.0]
[-333.0, 2469.0]
[-333.0, 2969.0]
[-333.0, 3469.0]
[-333.0, 3969.0]
[-333.0, 4469.0]
[-333.0, 4969.0]
[-833.0, 4969.0]
[-833.0, 4469.0]
[-833.0, 3969.0]
[-833.0, 3469.0]
[-833.0, 2969.0]
[-833.0, 2469.0]
[-833.0, 1969.0]
[-833.0, 1469.0]
[-833.0, 969.0]
[-833.0, 469.0]
[-833.0, -30.0]
[-833.0, -530.0]
[-833.0, -1030.0]
[-833.0, -1530.0]
[-833.0, -2030.0]
[-1333.0, -2030.0]
[-1333.0, -1530.0]
[-1333.0, -1030.0]
[-1333.0, -530.0]
[-1333.0, -30.0]
[-1333.0, 469.0]
[-1333.0, 969.0]
[-1333.0, 1469.0]
[-1333.0, 1969.0]
[-1333.0, 2469.0]
[-1333.0, 2969.0]
[-1333.0, 3469.0]
[-1333.0, 3969.0]
[-1333.0, 4469.0]
[-1333.0, 4969.0]
[-1833.0, 4969.0]
[-1833.0, 4469.0]
[-1833.0, 3969.0]
[-1833.0, 3469.0]
[-1833.0, 2969.0]
[-1833.0, 2469.0]
[-1833.0, 1969.0]
[-1833.0, 1469.0]
[-1833.0, 969.0]
[-1833.0, 469.0]
[-1833.0, -30.0]
[-1833.0, -530.0]
[-1833.0, -1030.0]
[-1833.0, -1530.0]
[-1833.0, -2030.0]
[-2333.0, -2030.0]
[-2333.0, -1530.0]
[-2333.0, -1030.0]
[-2333.0, -530.0]
[-2333.0, -30.0]
[-2333.0, 469.0]
[-2333.0, 969.0]
[-2333.0, 1469.0]
[-2333.0, 1969.0]
[-2333.0, 2469.0]
[-2333.0, 2969.0]
[-2333.0, 3469.0]
[-2333.0, 3969.0]
[-2333.0, 4469.0]
[-2333.0, 4969.0]
[-2833.0, 4969.0]
[-2833.0, 4969.0]
[-2446.43394117, 5071.79436832]
[-2064.49568152, 5190.63529485]
[-1910.83398557, 4821.32772222]
[-1518.18892726, 4897.68123021]
[-1156.49161954, 5068.48830731]
[-782.465678825, 5210.27898286]
[-412.054163597, 5361.2601386]
[-14.7526737771, 5314.87559174]
[384.753555238, 5295.00669701]
[665.256724885, 5580.16975882]
[1065.1190292, 5569.67511325]
[1464.70138916, 5587.94907307]
[1789.45950495, 5354.42784014]
[2187.17431668, 5397.12360734]
[2367.00783491, 5039.82834329]
[2715.06064177, 5236.95582397]
[3081.81687985, 5396.61127118]
[3391.4954608, 5649.78942289]
[3726.80175299, 5867.89419226]
[4829.92537775, 6278.13147511]
[4829.92537775, 6278.13147511]
[5191.11410127, 6450.0113925]
[5556.35726896, 6613.09857303]
[6377.77520053, 7252.70358574]
