4121 5566
3621 5566
3621 5066
3621 4566
3621 4066
3621 3566
3621 3066
3621 2566
3621 2066
3621 1566
3621 1066
3621 566
3621 66
3621 -433
3621 -933
3621 -1433
3621 -1933
3621 -2433
3621 -2933
3621 -3433
3621 -3933
3621 -4433
3621 -4933
3621 -5433
3621 -5933
3621 -6433
3621 -6933
3621 -7433
3621 -7933
3621 -8433
3621 -8933
3621 -9433
3621 -9933
3621 -10433
3621 -10933
3621 -11433
3621 -11933
3621 -12433
3621 -12933
3621 -13433
3121 -13433
3121 -12933
3121 -12433
3121 -11933
3121 -11433
3121 -10933
3121 -10433
3121 -9933
3121 -9433
3121 -8933
3121 -8433
3121 -7933
3121 -7433
3121 -6933
3121 -6433
3121 -5933
3121 -5433
3121 -4933
3121 -4433
3121 -3933
3121 -3433
3121 -2933
3121 -2433
3121 -1933
3121 -1433
3121 -933
3121 -433
3121 66
3121 566
3121 1066
3121 1566
3121 2066
3121 2566
3121 3066
3121 3566
3121 4066
3121 4566
3121 5066
3121 5566
2621 5566
2621 5066
2621 4566
2621 4066
2621 3566
2621 3066
2621 2566
2621 2066
2621 1566
2621 1066
2621 566
2621 66
2621 -433
2621 -933
2621 -1433
2621 -1933
2621 -2433
2621 -2933
2621 -3433
2621 -3933
2621 -4433
2621 -4933
2621 -5433
2621 -5933
2621 -6433
2621 -6933
2621 -7433
2621 -7933
2621 -8433
2621 -8933
2621 -9433
2621 -9933
2621 -10433
2621 -10933
2621 -11433
2621 -11933
2621 -12433
2621 -12933
2621 -13433
2121 -13433
2121 -12933
2121 -12433
2121 -11933
2121 -11433
2121 -10933
2121 -10433
2121 -9933
2121 -9433
2121 -8933
2121 -8433
2121 -7933
2121 -7433
2121 -6933
2121 -6433
2121 -5933
2121 -5433
2121 -4933
2121 -4433
2121 -3933
2121 -3433
2121 -2933
2121 -2433
2121 -1933
2121 -1433
2121 -933
2121 -433
2121 66
2121 566
2121 1066
2121 1566
2121 2066
2121 2566
2121 3066
2121 3566
2121 4066
2121 4566
2121 5066
2121 5566
1621 5566
1621 5066
1621 4566
1621 4066
1621 3566
1621 3066
1621 2566
1621 2066
1621 1566
1621 1066
1621 566
1621 66
1621 -433
1621 -933
1621 -1433
1621 -1933
1621 -2433
1621 -2933
1621 -3433
1621 -3933
1621 -4433
1621 -4933
1621 -5433
1621 -5933
1621 -6433
1621 -6933
1621 -7433
1621 -7933
1621 -8433
1621 -8933
1621 -9433
1621 -9933
1621 -10433
1621 -10933
1621 -11433
1621 -11933
1621 -12433
1621 -12933
1621 -13433
1121 -13433
1121 -12933
1121 -12433
1121 -11933
1121 -11433
1121 -10933
1121 -10433
1121 -9933
1121 -9433
1121 -8933
1121 -8433
1121 -7933
1121 -7433
1121 -6933
1121 -6433
1121 -5933
1121 -5433
1121 -4933
1121 -4433
1121 -3933
1121 -3433
1121 -2933
1121 -2433
1121 -1933
1121 -1433
1121 -933
1121 -433
1121 66
1121 566
1121 1066
1121 1566
1121 2066
1121 2566
1121 3066
1121 3566
1121 4066
1121 4566
1121 5066
1121 5566
621 5566
621 5066
621 4566
621 4066
621 3566
621 3066
621 2566
621 2066
621 1566
621 1066
621 566
621 66
621 -433
621 -933
621 -1433
621 -1933
621 -2433
621 -2933
621 -2433
621 -2433
121 -2433
121 -1933
121 -1433
121 -933
121 -433
121 66
121 566
121 1066
121 1566
121 2066
121 2566
121 3066
121 3566
121 4066
121 4566
121 5066
121 5566
-378 5566
-378 5066
-378 4566
-378 4066
-378 3566
-378 3066
-378 2566
-378 2066
-378 1566
-378 1066
-378 566
-378 66
-378 -433
-378 -933
-378 -1433
-378 -1933
-378 -1433
-378 -1433
-878 -1433
-878 -933
-878 -433
-878 66
-878 566
-878 1066
-878 1566
-878 2066
-878 2566
-878 3066
-878 3566
-878 4066
-878 4566
-878 5066
-878 5566
-1378 5566
-1378 5066
-1378 4566
-1378 4066
-1378 3566
-1378 3066
-1378 2566
-1378 2066
-1378 1566
-1378 1066
-1378 566
-1378 66
-1378 -433
-1378 -933
-1378 -1433
-1378 -1933
-1378 -2433
-1878 -2433
-1878 -2933
-2378 -2933
-2378 -3433
-2878 -3433
-2878 -3933
-2878 -4433
-3378 -4433
-3378 -4933
-3878 -4933
-3878 -5433
-3878 -5933
-3878 -6433
-3878 -6933
-3878 -7433
-3878 -7933
-3878 -8433
-3878 -8933
-3878 -9433
-3878 -9933
-3878 -10433
-3878 -10933
-3878 -11433
-3878 -11933
-3878 -12433
-3878 -12933
-3878 -13433
-3378 -13433
-2878 -13433
-2378 -13433
-1878 -13433
-1378 -13433
-878 -13433
-378 -13433
121 -13433
621 -13433
621 -12933
621 -12433
621 -11933
621 -11433
621 -10933
621 -10433
621 -9933
621 -9433
621 -8933
621 -8433
621 -7933
621 -7433
621 -6933
621 -6433
621 -5933
621 -5433
621 -4933
621 -4433
621 -3933
621 -4433
621 -4433
121 -4433
121 -4933
121 -5433
121 -5933
121 -6433
121 -6933
121 -7433
121 -7933
121 -8433
121 -8933
121 -9433
121 -9933
121 -10433
121 -10933
121 -11433
121 -11933
121 -12433
121 -12933
-378 -12933
-378 -12433
-378 -11933
-378 -11433
-378 -10933
-378 -10433
-378 -9933
-378 -9433
-378 -8933
-378 -8433
-378 -7933
-378 -7433
-378 -6933
-378 -6433
-378 -5933
-378 -5433
-378 -5933
-378 -5933
-878 -5933
-878 -6433
-878 -6933
-878 -7433
-878 -7933
-878 -8433
-878 -8933
-878 -9433
-878 -9933
-878 -10433
-878 -10933
-878 -11433
-878 -11933
-878 -12433
-878 -12933
-1378 -12933
-1378 -12433
-1378 -11933
-1378 -11433
-1378 -10933
-1378 -10433
-1378 -9933
-1378 -9433
-1378 -8933
-1378 -8433
-1378 -7933
-1378 -7433
-1378 -6933
-1378 -6433
-1378 -6933
-1378 -6933
-1878 -6933
-1878 -7433
-1878 -7933
-1878 -8433
-1878 -8933
-1878 -9433
-1878 -9933
-1878 -10433
-1878 -10933
-1878 -11433
-1878 -11933
-1878 -12433
-1878 -12933
-2378 -12933
-2378 -12433
-2378 -11933
-2378 -11433
-2378 -10933
-2378 -10433
-2378 -9933
-2378 -9433
-2378 -8933
-2378 -8433
-2378 -7933
-2378 -7433
-2878 -7433
-2878 -7933
-2878 -8433
-2878 -8933
-2878 -9433
-2878 -9933
-2878 -10433
-2878 -10933
-2878 -11433
-2878 -11933
-2878 -12433
-2878 -12933
-3378 -12933
-3378 -12433
-3378 -11933
-3378 -11433
-3378 -10933
-3378 -10433
-3378 -9933
-3378 -9433
-3378 -8933
-3378 -8433
-3378 -7933
-3378 -7433
-3378 -6933
-3878 -6933
-3878 -6433
-3878 -5933
-3878 -5433
-3878 -4933
-3878 -4933
-3878 -4433
-3878 -3933
-3378 -3933
-3378 -3433
-3378 -2933
-2878 -2933
-2878 -2433
-2378 -2433
-2378 -1933
-1878 -1933
-1878 -1433
-1878 -933
-1878 -433
-1878 66
-1878 566
-1878 1066
-1878 1566
-1878 2066
-1878 2566
-1878 3066
-1878 3566
-1878 4066
-1878 4566
-1878 5066
-1878 5566
-2378 5566
-2378 5066
-2378 4566
-2378 4066
-2378 3566
-2378 3066
-2378 2566
-2378 2066
-2378 1566
-2378 1066
-2378 566
-2378 66
-2378 -433
-2378 -933
-2378 -1433
-2878 -1433
-2878 -1933
-3378 -1933
-3378 -2433
-3878 -2433
-3878 -2933
-3878 -3433
-3878 -2933
-3878 -2433
-3878 -2433
-3878 -1933
-3878 -1433
-3378 -1433
-3378 -933
-2878 -933
-2878 -433
-2878 66
-2878 566
-2878 1066
-2878 1566
-2878 2066
-2878 2566
-2878 3066
-2878 3566
-2878 4066
-2878 4566
-2878 5066
-2878 5566
-3378 5566
-3378 5066
-3378 4566
-3378 4066
-3378 3566
-3378 3066
-3378 2566
-3378 2066
-3378 1566
-3378 1066
-3378 566
-3378 66
-3378 -433
-3878 -433
-3878 -933
-3878 -433
-3878 -433
-3878 66
-3878 566
-3878 1066
-3878 1566
-3878 2066
-3878 2566
-3878 3066
-3878 3566
-3878 4066
-3878 4566
-3878 5066
-3878 5566
